rows z 958..974, cols x 476..492 step 0.5; each cell: rendered-kernel
z= 958.0   0.0 -0.0 -0.0 -0.0 -0.0 -0.0 -0.0 -0.0 -0.0 -0.0 -0.0 -0.0 -0.0 -0.0 -0.0 -0.0 -0.0 -0.0 -0.0 -0.0 -0.0 -0.0 -0.0 -0.0 -0.0 -0.0 -0.0 -0.0 -0.0 -0.0 -0.0 -0.0 -0.0
z= 958.5   0.0  0.0  0.0  0.0  0.0  0.0  0.0  0.0  0.0  0.0  0.0  0.0  0.0  0.0  0.0  0.0  0.0  0.0  0.0  0.0  0.0  0.0  0.0  0.0  0.0  0.0  0.0  0.0  0.0  0.0  0.0  0.0  0.0
z= 959.0   0.0  0.0  0.0  0.0  0.0  0.0  0.0  0.0  0.1  0.1  0.1  0.1  0.1  0.1  0.1  0.1  0.1  0.1  0.1  0.1  0.1  0.1  0.1  0.1  0.1  0.1  0.1  0.1  0.1  0.1  0.1  0.1  0.1
z= 959.5   0.0  0.0  0.0  0.0  0.0  0.0  0.0  0.0  0.0  0.0  0.0  0.0  0.0  0.0  0.0  0.0  0.0  0.0  0.0  0.0  0.0  0.0  0.0  0.0  0.0  0.0  0.0  0.0  0.0  0.0  0.0  0.0  0.0
z= 960.0   0.0  0.0  0.0  0.0  0.0  0.0  0.0  0.0  0.0  0.0  0.0  0.0  0.0  0.0  0.0  0.0  0.0  0.0  0.0  0.0  0.0  0.0  0.0  0.0  0.0  0.0  0.0  0.0  0.0  0.0  0.0  0.0  0.0
z= 960.5  -0.0 -0.0 -0.0 -0.0 -0.0 -0.0 -0.0 -0.0 -0.0 -0.0 -0.0 -0.0 -0.0  0.0  0.0  0.0  0.0  0.0  0.0  0.0  0.0  0.0  0.0  0.0  0.0  0.0  0.0  0.0  0.0  0.0  0.0  0.0  0.0
z= 961.0  -0.1 -0.1 -0.1 -0.1 -0.1 -0.1 -0.1 -0.1 -0.1 -0.0  0.0 -0.0 -0.0 -0.0  0.0  0.0  0.0  0.0  0.0  0.0  0.0  0.0  0.0  0.0  0.0  0.0  0.0  0.0  0.0  0.0  0.0  0.0  0.0
z= 961.5  -0.0 -0.0 -0.0 -0.0 -0.0 -0.0 -0.0 -0.0 -0.0 -0.0  0.0  0.0 -0.0  0.0  0.0  0.0  0.0  0.0  0.0  0.0  0.0  0.0  0.0  0.0  0.0  0.0  0.0  0.0  0.0  0.0  0.0  0.0  0.0
z= 962.0   0.0  0.0  0.0  0.0  0.0  0.0  0.0  0.0  0.0  0.0  0.0  0.0 -0.0 -0.0  0.0  0.0  0.0  0.0  0.0  0.0  0.0  0.0  0.0  0.0  0.0  0.0  0.0  0.0  0.0  0.0  0.0  0.0  0.0
z= 962.5  -0.1 -0.1 -0.1 -0.1 -0.0 -0.0 -0.0 -0.0 -0.0 -0.0  0.0 -0.0 -0.1 -0.0  0.0  0.0  0.0  0.0  0.0  0.0  0.0  0.0  0.0  0.0  0.0  0.0  0.0  0.0  0.0  0.0  0.0  0.0  0.0
z= 963.0  -0.1 -0.1 -0.1 -0.1 -0.1 -0.1 -0.1 -0.1 -0.1 -0.0  0.0 -0.0 -0.1 -0.1  0.0  0.0  0.0  0.0  0.0  0.0  0.0  0.0  0.0  0.0  0.0  0.0  0.0  0.0  0.0  0.0  0.0  0.0  0.0
z= 963.5  -0.1 -0.1 -0.1 -0.0 -0.0 -0.0 -0.0 -0.0 -0.0  0.0  0.0  0.0 -0.1 -0.1 -0.1  0.0  0.0  0.0  0.0  0.0  0.0  0.0  0.0  0.0  0.0  0.0  0.0  0.0  0.0  0.0  0.0  0.0  0.0
z= 964.0  -0.0 -0.0 -0.0 -0.0 -0.0 -0.0 -0.0 -0.0 -0.0  0.1  0.1  0.1 -0.0 -0.0 -0.1 -0.1  0.0  0.0  0.0  0.0  0.0  0.0  0.0  0.0  0.0  0.0  0.0  0.0  0.0  0.0  0.0  0.0  0.0
z= 964.5  -0.0 -0.0 -0.0 -0.0 -0.0 -0.0 -0.0 -0.0 -0.0 -0.0 -0.0 -0.0 -0.0 -0.1 -0.0 -0.1 -0.1  0.0  0.0  0.0  0.0  0.0  0.0  0.0  0.0  0.0  0.0  0.0  0.0  0.0  0.0  0.0  0.0
z= 965.0  -0.0 -0.0 -0.0 -0.0 -0.0 -0.0 -0.0 -0.0 -0.0 -0.0 -0.1 -0.0 -0.1 -0.1 -0.0 -0.0 -0.2 -0.0  0.0  0.0  0.0  0.0  0.0  0.0  0.0  0.0  0.0  0.0  0.0  0.0  0.0  0.0  0.0
z= 965.5  -0.0 -0.0 -0.0 -0.0 -0.0 -0.0 -0.0 -0.0 -0.0 -0.0 -0.0  0.0  0.1  0.0 -0.0  0.1  0.2 -0.1 -0.0  0.0  0.0  0.0  0.0  0.0  0.0  0.0  0.0  0.0  0.0  0.0  0.0  0.0  0.0
z= 966.0   0.0  0.0  0.0  0.0  0.0  0.0  0.0  0.0  0.0  0.0  0.1  0.2  0.4  0.7  1.0  1.5  2.0  2.4  2.7  2.8  6.0  6.3  6.6  6.9  7.2  7.4  7.6  7.7  7.9  7.9  8.0  8.0  8.0
z= 966.5   0.0  0.0  0.0  0.0  0.0  0.0  0.0  0.0  0.0  0.1  0.2  0.4  0.7  1.1  1.6  2.4  3.5  4.8  5.3  5.6  6.0  6.3  6.6  6.9  7.1  7.3  7.5  7.7  7.8  7.9  7.9  7.9  8.0
z= 967.0   0.0  0.0  0.0  0.0  0.0  0.0  0.0  0.1  0.1  0.1  0.2  0.5  0.9  1.4  2.0  3.0  4.1  4.8  5.2  5.6  5.9  6.2  6.5  6.8  7.1  7.3  7.5  7.6  7.8  7.8  7.9  7.9  7.9
z= 967.5   0.0  0.0  0.0  0.0  0.0  0.0  0.0  0.0  0.1  0.1  0.3  0.6  1.0  1.6  2.3  3.3  4.0  4.7  5.1  5.5  5.8  6.1  6.4  6.7  7.0  7.2  7.4  7.5  7.7  7.7  7.8  7.8  7.8
z= 968.0  -0.0 -0.0 -0.0  0.0  0.0  0.0  0.0  0.0  0.1  0.1  0.3  0.6  1.1  1.7  2.4  3.2  3.8  4.5  5.0  5.3  5.7  6.0  6.3  6.6  6.8  7.1  7.2  7.4  7.5  7.6  7.6  7.7  7.7
z= 968.5   0.1  0.1  0.1  0.1  0.1  0.1  0.1  0.1  0.1  0.1  0.3  0.6  1.1  1.7  2.3  2.9  3.6  4.3  4.8  5.2  5.5  5.8  6.1  6.4  6.6  6.9  7.1  7.2  7.3  7.4  7.5  7.5  7.5
z= 969.0   0.1  0.1  0.1  0.1  0.1  0.1  0.1  0.1  0.1  0.2  0.3  0.6  1.0  1.6  2.1  2.7  3.3  4.1  4.6  5.0  5.3  5.6  5.9  6.2  6.4  6.7  6.8  7.0  7.1  7.2  7.2  7.3  7.3
z= 969.5   0.1  0.1  0.1  0.1  0.1  0.1  0.1  0.1  0.1  0.2  0.3  0.6  1.0  1.4  1.9  2.4  3.1  3.7  4.4  4.7  5.0  5.3  5.6  5.9  6.2  6.4  6.6  6.8  6.9  7.0  7.0  7.0  7.0
z= 970.0  -0.0 -0.0 -0.0  0.0  0.0  0.0  0.0  0.1  0.1  0.1  0.3  0.5  0.9  1.2  1.7  2.2  2.8  3.4  4.0  4.4  4.7  5.0  5.3  5.6  5.9  6.1  6.3  6.4  6.6  6.6  6.7  6.7  6.7
z= 970.5   0.0  0.0  0.0  0.1  0.1  0.1  0.1  0.1  0.1  0.1  0.2  0.5  0.7  1.1  1.5  2.0  2.5  3.1  3.6  4.0  4.4  4.7  5.0  5.3  5.5  5.8  5.9  6.1  6.2  6.3  6.3  6.4  6.4
z= 971.0   0.1  0.1  0.1  0.1  0.1  0.1  0.1  0.1  0.1  0.1  0.2  0.4  0.6  0.9  1.3  1.7  2.2  2.7  3.2  3.6  4.0  4.3  4.6  4.9  5.2  5.4  5.6  5.7  5.8  5.9  6.0  6.0  6.0
z= 971.5   0.0  0.0  0.0  0.0  0.0  0.0  0.0  0.0  0.0  0.0  0.1  0.3  0.5  0.7  1.1  1.5  1.9  2.3  2.8  3.2  3.6  3.9  4.2  4.5  4.7  5.0  5.1  5.3  5.4  5.5  5.5  5.6  5.6
z= 972.0   0.0  0.0  0.0  0.0  0.0  0.0  0.0  0.0  0.0 -0.0 -0.0  0.1  0.3  0.6  0.9  1.2  1.6  2.0  2.3  2.7  3.1  3.5  3.8  4.0  4.3  4.5  4.7  4.9  5.1  5.2  5.3  5.3  5.3
z= 972.5   0.0  0.0  0.0  0.0  0.0  0.0  0.0  0.0  0.0 -0.0 -0.0  0.0  0.2  0.4  0.7  1.0  1.3  1.6  2.0  2.3  2.7  3.0  3.3  3.5  3.8  4.0  4.3  4.6  4.8  5.0  5.1  5.1  5.1
z= 973.0   0.0  0.0  0.0  0.0  0.0  0.0  0.0  0.0  0.0 -0.0 -0.0 -0.0  0.0  0.3  0.5  0.8  1.0  1.3  1.6  2.0  2.3  2.6  2.8  3.1  3.3  3.6  4.0  4.3  4.6  4.7  4.8  4.9  4.9
z= 973.5   0.0  0.0  0.0  0.0  0.0  0.0  0.0  0.0  0.0 -0.0 -0.0 -0.0 -0.0  0.0  0.2  0.5  0.8  1.0  1.3  1.6  1.9  2.1  2.3  2.6  2.8  3.1  3.4  3.9  4.2  4.3  4.4  4.5  4.5
z= 974.0   0.0  0.0  0.0  0.0  0.0  0.0  0.0  0.0  0.0 -0.0 -0.0 -0.0 -0.0  0.0  0.1  0.3  0.6  0.9  1.1  1.3  1.5  1.7  1.9  2.1  2.3  2.5  2.9  3.3  3.7  3.9  3.9  4.0  4.0
kernel heights
z= 958.0  76.1 76.1 76.1 76.1 76.1 76.1 76.1 76.1 76.1 76.1 76.1 76.1 76.1 76.1 76.1 76.1 76.1 76.1 76.1 76.1 76.1 76.1 76.1 76.1 76.1 76.1 76.1 76.1 76.1 76.1 76.1 76.1 76.1
z= 958.5  76.1 76.1 76.1 76.1 76.1 76.1 76.1 76.1 76.1 76.1 76.1 76.1 76.1 76.1 76.1 76.1 76.1 76.1 76.1 76.1 76.1 76.1 76.1 76.1 76.1 76.1 76.1 76.1 76.1 76.1 76.1 76.1 76.1
z= 959.0  76.0 76.0 76.0 76.0 76.0 76.0 76.0 76.0 76.0 76.0 76.0 76.0 76.0 76.0 76.0 76.0 76.0 76.0 76.0 76.0 76.0 76.0 76.0 76.0 76.0 76.0 76.0 76.0 76.0 76.0 76.0 76.0 76.0
z= 959.5  76.0 76.0 76.0 76.0 76.0 76.0 76.0 76.0 76.0 76.0 76.0 76.0 76.0 76.0 76.0 76.0 76.0 76.0 76.0 76.0 76.0 76.0 76.0 76.0 76.0 76.0 76.0 76.0 76.0 76.0 76.0 76.0 76.0
z= 960.0  76.0 76.0 76.0 76.0 76.0 76.0 76.0 76.0 76.0 76.0 76.0 76.0 76.0 76.0 76.0 76.0 76.0 76.0 76.0 76.0 76.0 76.0 76.0 76.0 76.0 76.0 76.0 76.0 76.0 76.0 76.0 76.0 76.0
z= 960.5  76.0 76.0 76.0 76.0 76.0 76.0 76.0 76.0 76.0 76.0 76.0 76.0 76.0 76.0 76.0 76.0 76.0 76.0 76.0 76.0 76.0 76.0 76.0 76.0 76.0 76.0 76.0 76.0 76.0 76.0 76.0 76.0 76.0
z= 961.0  76.0 76.0 76.0 76.0 76.0 76.0 76.0 76.0 76.0 76.0 76.0 76.0 76.0 76.0 76.0 76.0 76.0 76.0 76.0 76.0 76.0 76.0 76.0 76.0 76.0 76.0 76.0 76.0 76.0 76.0 76.0 76.0 76.0
z= 961.5  75.9 75.9 75.9 75.9 75.9 75.9 75.9 75.9 75.9 75.9 76.0 76.0 76.0 76.0 76.0 76.0 76.0 76.0 76.0 76.0 76.0 76.0 76.0 76.0 76.0 76.0 76.0 76.0 76.0 76.0 76.0 76.0 76.0
z= 962.0  75.9 75.9 75.9 75.9 75.9 75.9 75.9 75.9 75.9 75.9 75.9 75.9 76.0 76.0 76.0 76.0 76.0 76.0 76.0 76.0 76.0 76.0 76.0 76.0 76.0 76.0 76.0 76.0 76.0 76.0 76.0 76.0 76.0
z= 962.5  75.7 75.7 75.7 75.7 75.7 75.7 75.7 75.7 75.7 75.7 75.8 75.8 75.9 76.0 76.0 76.0 76.0 76.0 76.0 76.0 76.0 76.0 76.0 76.0 76.0 76.0 76.0 76.0 76.0 76.0 76.0 76.0 76.0
z= 963.0  75.6 75.6 75.6 75.6 75.6 75.6 75.6 75.6 75.6 75.6 75.6 75.7 75.8 75.9 76.0 76.0 76.0 76.0 76.0 76.0 76.0 76.0 76.0 76.0 76.0 76.0 76.0 76.0 76.0 76.0 76.0 76.0 76.0
z= 963.5  75.4 75.4 75.4 75.4 75.4 75.4 75.4 75.4 75.4 75.4 75.4 75.5 75.6 75.8 76.0 76.0 76.0 76.0 76.0 76.0 76.0 76.0 76.0 76.0 76.0 76.0 76.0 76.0 76.0 76.0 76.0 76.0 76.0
z= 964.0  75.2 75.2 75.2 75.2 75.2 75.2 75.2 75.2 75.2 75.2 75.2 75.3 75.4 75.6 75.8 76.0 76.0 76.0 76.0 76.0 76.0 76.0 76.0 76.0 76.0 76.0 76.0 76.0 76.0 76.0 76.0 76.0 76.0
z= 964.5  74.9 74.9 74.9 74.9 74.9 74.9 74.9 74.9 74.9 74.9 74.9 75.0 75.1 75.3 75.5 75.9 76.0 76.0 76.0 76.0 76.0 76.0 76.0 76.0 76.0 76.0 76.0 76.0 76.0 76.0 76.0 76.0 76.0
z= 965.0  74.6 74.6 74.6 74.6 74.6 74.6 74.6 74.6 74.6 74.6 74.6 74.7 74.7 74.8 75.1 75.5 76.0 76.0 76.0 76.0 76.0 76.0 76.0 76.0 76.0 76.0 76.0 76.0 76.0 76.0 76.0 76.0 76.0
z= 965.5  74.3 74.3 74.3 74.3 74.3 74.3 74.3 74.3 74.3 74.3 74.3 74.3 74.3 74.4 74.5 74.7 75.2 76.0 76.0 76.0 76.0 76.0 76.0 76.0 76.0 76.0 76.0 76.0 76.0 76.0 76.0 76.0 76.0
z= 966.0  74.0 74.0 74.0 74.0 74.0 74.0 74.0 74.0 74.0 74.0 74.0 74.0 73.9 73.9 73.8 73.7 73.6 73.4 73.3 73.2 70.0 69.7 69.4 69.1 68.8 68.6 68.4 68.3 68.1 68.1 68.0 68.0 68.0
z= 966.5  73.7 73.7 73.7 73.7 73.7 73.7 73.7 73.7 73.7 73.7 73.7 73.6 73.5 73.4 73.1 72.7 72.0 70.9 70.6 70.3 70.0 69.7 69.4 69.1 68.8 68.6 68.4 68.3 68.1 68.1 68.0 68.0 68.0
z= 967.0  73.4 73.4 73.4 73.4 73.4 73.4 73.4 73.4 73.4 73.4 73.4 73.3 73.1 72.9 72.5 71.9 71.2 70.9 70.6 70.3 70.0 69.7 69.4 69.1 68.8 68.6 68.4 68.3 68.1 68.1 68.0 68.0 68.0
z= 967.5  73.1 73.1 73.1 73.1 73.1 73.1 73.1 73.1 73.1 73.1 73.1 73.0 72.8 72.5 72.0 71.5 71.2 70.9 70.6 70.3 70.0 69.7 69.4 69.1 68.8 68.6 68.4 68.3 68.1 68.1 68.0 68.0 68.0
z= 968.0  72.8 72.8 72.8 72.8 72.8 72.8 72.8 72.8 72.8 72.8 72.8 72.7 72.5 72.2 71.7 71.4 71.2 70.9 70.6 70.3 70.0 69.7 69.4 69.1 68.8 68.6 68.4 68.3 68.1 68.1 68.0 68.0 68.0
z= 968.5  72.6 72.6 72.6 72.6 72.6 72.6 72.6 72.6 72.6 72.6 72.6 72.4 72.2 71.9 71.6 71.4 71.2 70.9 70.6 70.3 70.0 69.7 69.4 69.1 68.8 68.6 68.4 68.3 68.1 68.1 68.0 68.0 68.0
z= 969.0  72.4 72.4 72.4 72.4 72.4 72.4 72.4 72.4 72.4 72.4 72.4 72.2 72.0 71.8 71.6 71.4 71.2 70.9 70.6 70.3 70.0 69.7 69.4 69.1 68.8 68.6 68.4 68.3 68.1 68.1 68.0 68.0 68.0
z= 969.5  72.3 72.3 72.3 72.3 72.3 72.3 72.3 72.3 72.3 72.3 72.2 72.1 71.9 71.7 71.6 71.4 71.2 70.9 70.6 70.3 70.0 69.7 69.4 69.1 68.8 68.6 68.4 68.3 68.1 68.1 68.0 68.0 68.0
z= 970.0  72.1 72.1 72.1 72.1 72.1 72.1 72.1 72.1 72.1 72.1 72.1 72.0 71.9 71.7 71.6 71.4 71.2 70.9 70.6 70.3 70.0 69.7 69.4 69.1 68.8 68.6 68.4 68.3 68.1 68.1 68.0 68.0 68.0
z= 970.5  72.1 72.1 72.1 72.1 72.1 72.1 72.1 72.1 72.1 72.1 72.0 72.0 71.9 71.7 71.6 71.4 71.2 70.9 70.6 70.3 70.0 69.7 69.4 69.1 68.8 68.6 68.4 68.3 68.1 68.1 68.0 68.0 68.0
z= 971.0  72.0 72.0 72.0 72.0 72.0 72.0 72.0 72.0 72.0 72.0 72.0 71.9 71.9 71.7 71.6 71.4 71.2 70.9 70.6 70.3 70.0 69.7 69.4 69.1 68.8 68.6 68.4 68.3 68.1 68.1 68.0 68.0 68.0
z= 971.5  72.0 72.0 72.0 72.0 72.0 72.0 72.0 72.0 72.0 72.0 72.0 71.9 71.9 71.7 71.6 71.4 71.2 70.9 70.6 70.3 70.0 69.7 69.4 69.1 68.8 68.6 68.4 68.3 68.1 68.1 68.0 68.0 68.0
z= 972.0  72.0 72.0 72.0 72.0 72.0 72.0 72.0 72.0 72.0 72.0 72.0 71.9 71.9 71.7 71.6 71.4 71.2 70.9 70.6 70.3 70.0 69.7 69.4 69.1 68.8 68.6 68.4 68.3 68.1 68.1 68.0 68.0 68.0
z= 972.5  72.0 72.0 72.0 72.0 72.0 72.0 72.0 72.0 72.0 72.0 72.0 71.9 71.9 71.7 71.6 71.4 71.2 70.9 70.6 70.3 70.0 69.7 69.4 69.1 68.8 68.6 68.4 68.3 68.1 68.1 68.0 68.0 68.0
z= 973.0  72.0 72.0 72.0 72.0 72.0 72.0 72.0 72.0 72.0 72.0 72.0 71.9 71.9 71.7 71.6 71.4 71.2 70.9 70.6 70.3 70.0 69.7 69.4 69.1 68.8 68.6 68.4 68.3 68.1 68.1 68.0 68.0 68.0
z= 973.5  72.0 72.0 72.0 72.0 72.0 72.0 72.0 72.0 72.0 72.0 72.0 71.9 71.9 71.7 71.6 71.4 71.2 70.9 70.6 70.3 70.0 69.7 69.4 69.1 68.8 68.6 68.4 68.3 68.1 68.1 68.0 68.0 68.0
z= 974.0  72.0 72.0 72.0 72.0 72.0 72.0 72.0 72.0 72.0 72.0 72.0 71.9 71.9 71.7 71.6 71.4 71.2 70.9 70.6 70.3 70.0 69.7 69.4 69.1 68.8 68.6 68.4 68.3 68.1 68.1 68.0 68.0 68.0
