== A_path centre point (58, 95) (rows z, cols x; storey.level)
z=92    5.0   6.0   7.0   7.0   8.0   9.0   9.0 
z=93    5.0   6.0   7.0   8.0   9.0  10.0  10.0 
z=94    5.0   6.0   8.0   9.0   9.0  10.0  11.0 
z=95    6.0   7.0   8.0   9.0  10.0  11.0  12.0 
z=96    6.0   7.0   8.0   9.0  10.0  11.0  12.0 
z=97    6.0   7.0   9.0  10.0  11.0  12.0  13.0 
z=98    6.0   8.0   9.0  10.0  11.0  12.0  13.0 
wall a=(678.0, 1122.0) b=(678.0, 1128.0) top=(30.00375, 32.0) bottom=(24.0, 24.0) normal=(-1.0, 0.0)
wall a=(678.0, 1128.0) b=(678.0, 1134.0) top=(32.0, 32.0) bottom=(24.0, 25.99625) normal=(-1.0, 0.0)
wall a=(678.0, 1134.0) b=(678.0, 1140.0) top=(32.0, 30.0) bottom=(26.00375, 30.0) normal=(-1.0, 0.0)
wall a=(678.0, 1152.0) b=(678.0, 1158.0) top=(30.0, 33.99625) bottom=(30.0, 28.0) normal=(-1.0, 0.0)
wall a=(678.0, 1158.0) b=(678.0, 1164.0) top=(34.00375, 36.0) bottom=(28.0, 28.0) normal=(-1.0, 0.0)
rendered - kernel (m), x across, z down, 2 m grid from (676.0, 1123.0)
  4.9 -0.0 -0.0 -0.0 -0.0 -0.0 -0.0 -0.0 -0.0 -0.0 -0.0 -0.0 -0.0 -0.0 -0.0 -0.0 -0.0 -0.0 -0.0 -0.0 -0.0
  5.6 -0.1 -0.1 -0.1 -0.1 -0.1 -0.1 -0.1 -0.1 -0.1 -0.1 -0.1 -0.1 -0.0 -0.0 -0.0 -0.0 -0.0 -0.0 -0.0 -0.0
  5.9 -0.1 -0.0 -0.1 -0.1 -0.1 -0.1 -0.1 -0.1 -0.1 -0.1 -0.0 -0.0 -0.0 -0.0 -0.0 -0.0 -0.0 -0.0 -0.0 -0.0
  5.9  0.0  0.0  0.0 -0.0 -0.0  0.0 -0.0 -0.0  0.0 -0.0  0.0  0.0  0.0  0.0  0.0  0.1  0.1  0.1  0.1  0.1
  5.6  0.0  0.0  0.0 -0.0 -0.0  0.0 -0.0 -0.0  0.0 -0.0  0.0  0.0  0.0  0.1  0.1  0.1  0.1  0.1  0.1  0.1
  4.9  0.0  0.0  0.0 -0.0 -0.0  0.0 -0.0 -0.0  0.0 -0.0  0.0  0.0  0.0  0.0  0.0  0.0  0.0  0.0  0.0  0.0
  3.9 -0.1 -0.0 -0.0 -0.0 -0.0  0.0 -0.0 -0.0  0.0 -0.0 -0.0 -0.0 -0.0 -0.0 -0.0 -0.0 -0.0 -0.0 -0.0 -0.0
  2.1  0.1  0.0  0.0 -0.0 -0.0  0.0 -0.0 -0.0  0.0 -0.0 -0.0 -0.0 -0.0 -0.1 -0.1 -0.1 -0.1 -0.1 -0.1 -0.1
  0.1  0.1  0.1  0.0 -0.0 -0.0  0.0 -0.0 -0.0  0.0 -0.0 -0.0 -0.0 -0.0 -0.0 -0.0 -0.1 -0.1 -0.1 -0.1 -0.1
  0.0  0.0 -0.0  0.0 -0.0 -0.0  0.0 -0.0 -0.0  0.0 -0.0 -0.0 -0.0 -0.0 -0.0 -0.0  0.0 -0.0 -0.0  0.0 -0.0
 -0.0  0.0 -0.0  0.0 -0.0 -0.0  0.0 -0.0 -0.0  0.0 -0.0 -0.0 -0.0 -0.0 -0.0 -0.0  0.0 -0.0 -0.0  0.0 -0.0
 -0.0  0.0 -0.0  0.0 -0.0 -0.0  0.0 -0.0 -0.0  0.0 -0.0 -0.0 -0.0 -0.0 -0.0 -0.0  0.0 -0.0 -0.0  0.0 -0.0
 -0.0  0.0 -0.0  0.0 -0.0 -0.0  0.0 -0.0 -0.0  0.0 -0.0 -0.0 -0.0 -0.0 -0.0 -0.0  0.0 -0.0 -0.0  0.0 -0.0
 -0.0  0.0 -0.0  0.0 -0.0 -0.0  0.0 -0.0 -0.0  0.0 -0.0 -0.0 -0.0 -0.0 -0.0 -0.0  0.0 -0.0 -0.0  0.0  0.2
  0.0  0.0 -0.0  0.0 -0.0 -0.0  0.0 -0.0 -0.0  0.0 -0.0 -0.0 -0.0 -0.0 -0.0 -0.0  0.0 -0.0 -0.0  0.0 -0.0
  0.3  0.2  0.1  0.1  0.1  0.1  0.1  0.1  0.1  0.1  0.1  0.1  0.1  0.1  0.1  0.1  0.1  0.1  0.1  0.1  0.1
  2.2  0.1  0.1  0.1  0.1  0.1  0.1  0.1  0.1  0.1  0.1  0.1  0.1  0.1  0.1  0.1  0.1  0.1  0.1  0.1  0.1
  4.0 -0.1 -0.0  0.0  0.0  0.0  0.0  0.0  0.0  0.0  0.0  0.0  0.0  0.0  0.0  0.0  0.0  0.0  0.0  0.0  0.0
  4.9 -0.0 -0.0 -0.0 -0.0 -0.0 -0.0 -0.0 -0.0 -0.0 -0.0 -0.0 -0.0 -0.0 -0.0 -0.0 -0.0 -0.0 -0.0 -0.0 -0.0
  5.6 -0.1 -0.1 -0.1 -0.1 -0.1 -0.1 -0.1 -0.1 -0.1 -0.1 -0.1 -0.1 -0.1 -0.1 -0.1 -0.1 -0.1 -0.1 -0.1 -0.1
  6.1 -0.1 -0.0 -0.1 -0.1 -0.1 -0.1 -0.1 -0.1 -0.1 -0.1 -0.1 -0.1 -0.1 -0.1 -0.1 -0.1 -0.1 -0.1 -0.1 -0.1
== C_divot centre point (40, 81) (rows z, cols x; storey.level)
z=78   19.0  19.0  19.0  20.0  20.0  21.0  21.0 
z=79   18.0  19.0  19.0  20.0  20.0  20.0  20.0 
z=80   18.0  19.0  19.0  19.0  19.0  19.0  18.0 
z=81   17.0  18.0  18.0  18.0  17.0  17.0  16.0 
z=82   16.0  16.0  16.0  15.0  15.0  15.0  14.0 
z=83   13.0  13.0  13.0  13.0  13.0  12.0  12.0 
z=84   10.0  10.0  10.0  10.0  10.0  10.0   9.0 
wall a=(486.0, 966.0) b=(480.0, 966.0) top=(76.0, 74.0) bottom=(70.00375, 74.0) normal=(0.0, 1.0)
wall a=(498.0, 966.0) b=(492.0, 966.0) top=(76.0, 76.0) bottom=(68.0, 68.0) normal=(0.0, 1.0)
wall a=(492.0, 966.0) b=(486.0, 966.0) top=(76.0, 76.0) bottom=(68.0, 69.99625) normal=(0.0, 1.0)
wall a=(504.0, 966.0) b=(498.0, 966.0) top=(76.0, 76.0) bottom=(68.0, 68.0) normal=(0.0, 1.0)
wall a=(474.0, 978.0) b=(468.0, 978.0) top=(72.0, 72.0) bottom=(62.00375, 64.0) normal=(0.0, 1.0)
wall a=(468.0, 978.0) b=(462.0, 978.0) top=(72.0, 72.0) bottom=(64.0, 64.0) normal=(0.0, 1.0)
wall a=(486.0, 978.0) b=(480.0, 978.0) top=(70.00375, 72.0) bottom=(60.0, 60.0) normal=(0.0, 1.0)
wall a=(480.0, 978.0) b=(474.0, 978.0) top=(72.0, 72.0) bottom=(60.0, 61.99625) normal=(0.0, 1.0)
wall a=(498.0, 978.0) b=(492.0, 978.0) top=(68.0, 68.0) bottom=(60.0, 60.0) normal=(0.0, 1.0)
wall a=(492.0, 978.0) b=(486.0, 978.0) top=(68.0, 69.99625) bottom=(60.0, 60.0) normal=(0.0, 1.0)
wall a=(504.0, 978.0) b=(498.0, 978.0) top=(68.0, 68.0) bottom=(60.0, 60.0) normal=(0.0, 1.0)
rendered - kernel (m), x across, z down, 2 m grid from (462.7, 946.8)
  0.0  0.0  0.0  0.0  0.1  0.0 -0.0 -0.1 -0.0 -0.0 -0.0 -0.0 -0.0 -0.0 -0.0 -0.0  0.0  0.0  0.0  0.0  0.0
  0.0  0.0  0.0  0.0  0.1  0.0 -0.1 -0.1 -0.1 -0.0 -0.0 -0.0 -0.0 -0.0 -0.0 -0.0 -0.0 -0.0 -0.0 -0.0 -0.0
  0.0  0.0  0.0  0.0  0.0 -0.0 -0.1 -0.2 -0.1 -0.1 -0.1 -0.1 -0.1 -0.1 -0.1 -0.1 -0.1 -0.1 -0.1 -0.1 -0.1
  0.0  0.0  0.0  0.0  0.0 -0.1 -0.1 -0.1 -0.1 -0.0 -0.0 -0.0 -0.0 -0.0 -0.0 -0.0 -0.0 -0.0 -0.0 -0.0 -0.0
  0.0  0.0  0.0  0.0 -0.0 -0.0 -0.1 -0.0  0.0  0.0  0.0  0.0  0.0  0.0  0.0  0.0  0.0  0.0  0.0  0.0  0.0
  0.0  0.0  0.0  0.0 -0.0 -0.0 -0.0  0.0  0.1  0.1  0.1  0.1  0.1  0.1  0.1  0.1  0.1  0.1  0.1  0.1  0.1
  0.0  0.0  0.0 -0.0  0.0  0.0  0.0  0.0  0.0  0.1  0.1  0.1  0.1  0.1  0.1  0.1  0.1  0.1  0.1  0.1  0.1
 -0.0 -0.0 -0.0 -0.0 -0.0 -0.0 -0.0 -0.0 -0.0 -0.0 -0.0 -0.0  0.0  0.0  0.0  0.0  0.0  0.0  0.0  0.0  0.0
 -0.1 -0.1 -0.1 -0.1 -0.1 -0.1 -0.1 -0.1 -0.1 -0.0  0.0  0.0  0.0  0.0  0.0  0.0  0.0  0.0  0.0  0.0  0.0
 -0.0 -0.0 -0.0 -0.0 -0.0 -0.0 -0.0 -0.0 -0.0  0.1  0.1 -0.0  0.0  0.0  0.0  0.0  0.0  0.0  0.0  0.0  0.0
  0.0  0.0  0.0  0.0  0.0  0.0  0.0  0.0  0.0  0.3  2.2  4.8  6.4  7.4  7.9  7.9  7.9  7.9  7.9  7.9  7.9
  0.1  0.1  0.1  0.1  0.1  0.1  0.1  0.1  0.1  0.4  2.3  4.4  5.8  6.8  7.3  7.4  7.3  7.3  7.3  7.3  7.4
  0.1  0.1  0.1  0.1  0.1  0.1  0.1  0.1  0.1  0.2  1.4  3.2  4.6  5.6  6.1  6.2  6.1  6.0  6.0  6.1  6.2
  0.0  0.0  0.0 -0.0 -0.0 -0.0  0.0  0.0  0.0 -0.0  0.6  1.7  2.8  3.9  4.9  5.0  5.0  4.7  4.0  4.2  4.4
  0.0  0.0  0.0  0.0  0.0  0.0  0.0  0.0  0.0 -0.0  0.0  0.6  1.2  2.0  2.8  2.8  2.4  1.9  1.9  2.1  2.2
  0.0  0.0  0.0 -0.0  0.0  0.0  0.0  0.0  0.0 -0.0  0.0  0.9  0.9  1.8  1.7  1.4  0.6  0.5  0.5  0.7  1.2
  7.9  7.9  7.9  7.9  8.1  9.1 10.4 11.4 11.9 11.9 11.6 10.7  9.8  8.6  8.0  8.0  7.9  7.9  7.9  7.9  8.2
  7.1  7.2  7.2  7.3  7.6  8.5  9.8 10.8 11.3 11.2 10.9 10.0  8.7  7.5  7.1  7.1  7.3  7.4  7.4  7.4  7.2
  5.6  5.6  5.8  6.1  6.3  7.3  8.6  9.6 10.0  9.9  9.4  8.4  7.1  5.9  5.4  5.5  6.1  6.2  6.2  6.2  5.7
  3.2  3.3  3.7  4.1  4.5  5.7  7.2  8.0  8.2  8.0  7.4  6.1  4.7  3.5  3.1  3.3  4.2  4.4  4.3  4.3  3.5
  1.4  1.5  1.7  2.0  2.3  3.3  4.5  5.6  6.9  7.1  6.1  3.6  2.5  1.7  1.2  1.4  3.3  2.2  2.2  2.2  1.7
== D_lips centre point (27, 83) (rows z, cols x; storey.level)
z=80    7.0   8.0  10.0  12.0  13.0  14.0  15.0 
z=81    5.0   7.0   8.0  10.0  11.0  12.0  13.0 
z=82    4.0   5.0   7.0   8.0   9.0  10.0  12.0 
z=83    3.0   4.0   5.0   6.0   7.0   8.0   9.0 
z=84    3.0   3.0   4.0   5.0   5.0   6.0   7.0 
z=85    3.0   3.0   3.0   3.0   4.0   5.0   5.0 
z=86    3.0   3.0   3.0   3.0   3.0   3.0   4.0 
wall a=(306.0, 978.0) b=(300.0, 978.0) top=(28.99813, 28.0) bottom=(20.99813, 20.0) normal=(0.0, 1.0)
wall a=(318.0, 972.0) b=(318.0, 978.0) top=(40.0, 39.00188) bottom=(32.0, 31.00187) normal=(-1.0, 0.0)
wall a=(330.0, 978.0) b=(324.0, 978.0) top=(41.99625, 40.0) bottom=(33.99625, 32.0) normal=(0.0, 1.0)
wall a=(324.0, 978.0) b=(318.0, 978.0) top=(40.0, 39.00188) bottom=(32.0, 31.00187) normal=(0.0, 1.0)
wall a=(342.0, 978.0) b=(336.0, 978.0) top=(45.99625, 44.0) bottom=(37.99625, 36.0) normal=(0.0, 1.0)
wall a=(336.0, 978.0) b=(330.0, 978.0) top=(44.0, 42.00375) bottom=(36.0, 34.00375) normal=(0.0, 1.0)
wall a=(306.0, 978.0) b=(306.0, 984.0) top=(28.99813, 28.0) bottom=(20.99813, 20.0) normal=(-1.0, 0.0)
wall a=(306.0, 984.0) b=(306.0, 990.0) top=(28.0, 27.00187) bottom=(20.0, 19.00187) normal=(-1.0, 0.0)
wall a=(318.0, 990.0) b=(312.0, 990.0) top=(29.99625, 28.0) bottom=(21.99625, 20.0) normal=(0.0, 1.0)
wall a=(312.0, 990.0) b=(306.0, 990.0) top=(28.0, 27.00187) bottom=(20.0, 19.00187) normal=(0.0, 1.0)
wall a=(330.0, 990.0) b=(324.0, 990.0) top=(33.99625, 32.0) bottom=(25.99625, 24.0) normal=(0.0, 1.0)
wall a=(324.0, 990.0) b=(318.0, 990.0) top=(32.0, 30.00375) bottom=(24.0, 22.00375) normal=(0.0, 1.0)
wall a=(342.0, 990.0) b=(336.0, 990.0) top=(37.99625, 36.0) bottom=(29.99625, 28.0) normal=(0.0, 1.0)
wall a=(336.0, 990.0) b=(330.0, 990.0) top=(36.0, 34.00375) bottom=(28.0, 26.00375) normal=(0.0, 1.0)
wall a=(330.0, 1002.0) b=(324.0, 1002.0) top=(25.99625, 22.0) bottom=(20.0, 22.0) normal=(0.0, 1.0)
wall a=(342.0, 1002.0) b=(336.0, 1002.0) top=(29.99625, 28.0) bottom=(21.99625, 20.0) normal=(0.0, 1.0)
wall a=(336.0, 1002.0) b=(330.0, 1002.0) top=(28.0, 26.00375) bottom=(20.0, 20.0) normal=(0.0, 1.0)
rendered - kernel (m), x across, z down, 2 m grid from (299.0, 975.0)
  1.5  2.5  3.2  3.8  4.8  6.4  5.7  8.0  8.9  9.9  1.8  1.4  1.1  1.1  1.0  1.8  1.9  1.4  1.1  1.8  1.8
  0.4  0.8  1.2  1.3  1.6  4.7  5.9  7.4  8.5 10.6  2.0  1.0  0.2  0.2  0.2  0.2  0.2  1.2  0.8  0.6  0.6
  7.5  7.8  8.1  8.4  2.4  3.2  6.6  7.4  9.2  8.7  8.3  8.0  7.9  7.9  7.7  7.9  7.9  7.7  7.9  7.9  7.7
  5.4  6.3  7.4  8.0  2.3  4.0  7.2  7.7  8.7  8.5  7.9  7.3  6.9  7.2  7.2  7.2  7.2  7.1  7.2  7.0  6.9
  2.1  3.3  6.3  7.7  1.6  3.6  5.3  7.2  7.6  7.3  6.2  5.1  4.7  5.3  5.9  6.0  6.0  5.9  5.9  5.4  5.2
  1.0  2.3  7.0  7.7  1.7  3.3  4.2  4.8  5.6  5.3  4.0  2.7  2.2  2.9  3.8  4.1  4.1  4.1  4.0  3.3  2.9
  1.0  2.7  6.4  7.6  0.1  0.6  3.8  2.6  3.1  2.8  2.0  0.9  1.5  1.3  3.1  2.0  2.0  1.9  1.9  1.6  1.2
  0.2  3.4  7.6  8.0  0.1  0.0 -0.0  1.3  1.9  0.1  0.2  0.1  0.1  0.1  0.5  0.6  0.7  0.7  2.0  1.5  0.4
 -0.0  4.0  8.6  8.6  7.9  7.5  7.4  7.4  7.3  7.4  7.4  7.3  7.4  7.7  7.7  7.9  7.9  7.9  8.1  7.8  7.7
  0.0  4.0  8.6  8.4  7.3  6.0  5.1  4.6  4.4  4.8  4.6  4.3  4.7  6.0  6.9  7.2  7.2  7.2  7.1  6.7  6.4
  0.0  1.8  2.2  2.0  1.8  1.3  0.9  0.7  0.7  1.7  0.6  0.5  0.6  2.4  5.2  5.7  6.0  5.6  4.9  4.1  3.7
 -0.1  0.2  0.2  0.4  0.1  0.0 -0.1  0.0  0.1  0.2 -0.0  0.0 -0.1  0.9  2.9  3.6  4.0  3.2  2.5  1.3  0.3
 -0.1 -0.0  0.0 -0.0 -0.1 -0.1 -0.1 -0.0  0.0 -0.0 -0.1 -0.1 -0.1  0.3  1.4  1.6  2.6  1.8  1.7  1.0  0.6
 -0.1  0.0  0.0  0.0 -0.1 -0.1 -0.1  0.0  0.0 -0.0 -0.1 -0.1 -0.1  0.2  0.9  0.3  0.5  0.2  0.2  0.2  0.1
  0.0  0.1  0.1  0.1  0.0 -0.0 -0.0  0.1  0.1  0.1 -0.0 -0.0 -0.0  0.5  2.7  5.1  6.5  7.4  7.6  7.4  7.2
  0.1  0.1  0.2  0.1  0.0  0.0  0.0  0.1  0.2  0.1  0.0  0.0  0.0  0.5  2.3  4.0  5.6  6.3  5.4  4.7  4.4
  0.0  0.1  0.1  0.1  0.0 -0.0  0.0  0.1  0.1  0.1  0.0 -0.0  0.0  0.1  1.2  2.3  3.6  4.2  1.6  0.9  0.3
  0.0  0.0  0.1  0.0 -0.1 -0.1 -0.1  0.0  0.1  0.0 -0.0 -0.1 -0.0  0.0  1.0  0.9  1.5  2.0  0.4  1.4  0.3
  0.0  0.0  0.0 -0.0 -0.1 -0.2 -0.1  0.0  0.1  0.0 -0.0 -0.1 -0.0  0.0  0.1  0.2  1.3  1.5  0.3  1.2  0.2
  0.0  0.0 -0.0 -0.1 -0.1 -0.1 -0.1  0.2  0.2 -0.0 -0.0 -0.1 -0.0  0.0  0.0  0.0  0.1  0.3  0.0  0.0  0.0
  0.0  0.0 -0.0 -0.1 -0.1 -0.0  0.0  0.3  2.5  4.7  6.1  7.0  7.3  7.3  7.0  6.1  4.8  2.4  0.0  0.1  0.1
